1.000000000000000000e+01 9.000000000000000000e+00 1.100000000000000000e+01 2.000000000000000000e+01
2.900000000000000000e+01 3.000000000000000000e+01 4.100000000000000000e+01 4.800000000000000000e+01
5.200000000000000000e+01 5.800000000000000000e+01 6.200000000000000000e+01 0.000000000000000000e+00
0.000000000000000000e+00 0.000000000000000000e+00 0.000000000000000000e+00 0.000000000000000000e+00
3.205722570419311523e-01 -9.462797045707702637e-01 -4.228819906711578369e-02 -1.977218687534332275e-01
-9.303200840950012207e-01 -3.229343891143798828e-01 1.738341301679611206e-01 -1.259652972221374512e-01
-1.781519949436187744e-01 -1.638485491275787354e-02 -9.838669300079345703e-01 2.111816406250000000e-02
0.000000000000000000e+00 0.000000000000000000e+00 0.000000000000000000e+00 1.000000000000000000e+00
-7.601528167724609375e-01 -1.518003046512603760e-01 6.317628622055053711e-01 -1.634372025728225708e-01
-3.328345715999603271e-01 -7.440917491912841797e-01 -5.792655348777770996e-01 1.582534611225128174e-02
5.580222606658935547e-01 -6.506028771400451660e-01 5.150990486145019531e-01 3.185468912124633789e-02
0.000000000000000000e+00 0.000000000000000000e+00 0.000000000000000000e+00 1.000000000000000000e+00
-2.726398706436157227e-01 9.061869978904724121e-02 9.578392505645751953e-01 -1.461038589477539062e-01
9.611845016479492188e-01 6.945645809173583984e-02 2.670209109783172607e-01 1.314861029386520386e-01
-4.233112931251525879e-02 9.934606552124023438e-01 -1.060379743576049805e-01 2.904349565505981445e-02
0.000000000000000000e+00 0.000000000000000000e+00 0.000000000000000000e+00 1.000000000000000000e+00
-1.009893417358398438e-02 9.887343645095825195e-01 -1.493409872055053711e-01 -1.665131188929080963e-03
2.360489964485168457e-02 -1.490714550018310547e-01 -9.885448217391967773e-01 -1.875136196613311768e-01
-9.996705055236816406e-01 -1.350831985473632812e-02 -2.183365821838378906e-02 2.418500185012817383e-02
0.000000000000000000e+00 0.000000000000000000e+00 0.000000000000000000e+00 1.000000000000000000e+00
1.851116418838500977e-01 -9.080907702445983887e-01 -3.756392300128936768e-01 -4.752401635050773621e-02
-1.384928822517395020e-01 3.543240427970886230e-01 -9.248103499412536621e-01 -1.068323850631713867e-02
9.729098081588745117e-01 2.232164740562438965e-01 -6.017458438873291016e-02 2.141779661178588867e-02
0.000000000000000000e+00 0.000000000000000000e+00 0.000000000000000000e+00 1.000000000000000000e+00
1.971974372863769531e-01 9.038264751434326172e-01 3.797512650489807129e-01 -2.683620154857635498e-02
-9.803587198257446289e-01 1.805511713027954102e-01 7.936073839664459229e-02 8.793143928050994873e-02
3.163769841194152832e-03 -3.879421949386596680e-01 9.216783046722412109e-01 3.164100646972656250e-02
0.000000000000000000e+00 0.000000000000000000e+00 0.000000000000000000e+00 1.000000000000000000e+00
9.315301775932312012e-01 3.624293208122253418e-01 2.994178608059883118e-02 1.219200491905212402e-01
-3.624060750007629395e-01 9.319983720779418945e-01 -6.391130853444337845e-03 -1.287494599819183350e-01
-3.022202849388122559e-02 -4.897551145404577255e-03 9.995312094688415527e-01 3.493207693099975586e-02
0.000000000000000000e+00 0.000000000000000000e+00 0.000000000000000000e+00 1.000000000000000000e+00
2.176388502120971680e-01 9.756449460983276367e-01 -2.739315479993820190e-02 1.510555744171142578e-01
9.570713043212890625e-01 -2.078227996826171875e-01 2.020501941442489624e-01 -2.898573875427246094e-04
1.914363205432891846e-01 -7.019118964672088623e-02 -9.789921045303344727e-01 3.426474332809448242e-02
0.000000000000000000e+00 0.000000000000000000e+00 0.000000000000000000e+00 1.000000000000000000e+00
2.597405910491943359e-01 8.573049306869506836e-01 4.444806873798370361e-01 1.853437125682830811e-01
-1.033367216587066650e-01 -4.329599142074584961e-01 8.954704999923706055e-01 3.429134190082550049e-02
9.601335525512695312e-01 -2.785212695598602295e-01 -2.386629581451416016e-02 6.749045848846435547e-02
0.000000000000000000e+00 0.000000000000000000e+00 0.000000000000000000e+00 1.000000000000000000e+00
-2.234550714492797852e-01 -9.732148051261901855e-01 -5.404593050479888916e-02 1.384586095809936523e-02
8.891890645027160645e-01 -2.262471914291381836e-01 3.976871967315673828e-01 -6.822276115417480469e-02
-3.992627859115600586e-01 4.080812633037567139e-02 9.159278869628906250e-01 3.853672742843627930e-02
0.000000000000000000e+00 0.000000000000000000e+00 0.000000000000000000e+00 1.000000000000000000e+00
