1.000000000000000000e+01 9.000000000000000000e+00 1.100000000000000000e+01 2.000000000000000000e+01
2.900000000000000000e+01 3.000000000000000000e+01 4.100000000000000000e+01 4.800000000000000000e+01
5.200000000000000000e+01 5.800000000000000000e+01 6.200000000000000000e+01 0.000000000000000000e+00
0.000000000000000000e+00 0.000000000000000000e+00 0.000000000000000000e+00 0.000000000000000000e+00
-4.939427375793457031e-01 5.606699585914611816e-01 -6.645825505256652832e-01 -1.781343817710876465e-01
-7.873654961585998535e-01 3.584909439086914062e-02 6.154434680938720703e-01 -1.782445609569549561e-01
3.688853383064270020e-01 8.272631168365478516e-01 4.237446188926696777e-01 7.034736871719360352e-02
0.000000000000000000e+00 0.000000000000000000e+00 0.000000000000000000e+00 1.000000000000000000e+00
7.734733819961547852e-01 4.969199895858764648e-01 3.934583663940429688e-01 -1.751465350389480591e-01
3.109762668609619141e-01 2.433945536613464355e-01 -9.187235236167907715e-01 1.034884154796600342e-02
-5.522977113723754883e-01 8.329643607139587402e-01 3.372889757156372070e-02 2.937477827072143555e-02
0.000000000000000000e+00 0.000000000000000000e+00 0.000000000000000000e+00 1.000000000000000000e+00
-1.007692813873291016e-01 -4.161947220563888550e-02 9.940390586853027344e-01 -1.639717072248458862e-01
-4.147272557020187378e-03 9.991335272789001465e-01 4.141235351562500000e-02 1.957933902740478516e-01
-9.949012994766235352e-01 5.053728818893432617e-05 -1.008546352386474609e-01 2.041471004486083984e-02
0.000000000000000000e+00 0.000000000000000000e+00 0.000000000000000000e+00 1.000000000000000000e+00
7.072155475616455078e-01 -4.836716651916503906e-01 5.156626701354980469e-01 -1.442914009094238281e-01
-4.034902453422546387e-01 -8.750441074371337891e-01 -2.673829793930053711e-01 -3.559291362762451172e-03
5.805530548095703125e-01 -1.896744221448898315e-02 -8.140015602111816406e-01 2.519094944000244141e-02
0.000000000000000000e+00 0.000000000000000000e+00 0.000000000000000000e+00 1.000000000000000000e+00
-1.234853267669677734e-01 9.664842486381530762e-01 2.250774204730987549e-01 2.932367846369743347e-02
9.922745823860168457e-01 1.175267100334167480e-01 3.973433375358581543e-02 -4.013299942016601562e-03
1.194997131824493408e-02 2.282451689243316650e-01 -9.735306501388549805e-01 1.801234483718872070e-02
0.000000000000000000e+00 0.000000000000000000e+00 0.000000000000000000e+00 1.000000000000000000e+00
9.969550371170043945e-01 7.048830389976501465e-02 3.334733098745346069e-02 5.531747639179229736e-02
6.932336091995239258e-02 -9.969841241836547852e-01 3.488829731941223145e-02 1.818261444568634033e-01
3.570596873760223389e-02 -3.247031569480895996e-02 -9.988348484039306641e-01 2.382791042327880859e-02
0.000000000000000000e+00 0.000000000000000000e+00 0.000000000000000000e+00 1.000000000000000000e+00
-2.942347526550292969e-01 -9.457845687866210938e-01 -1.375416815280914307e-01 1.685137003660202026e-01
-9.198659658432006836e-01 3.192998170852661133e-01 -2.278035432100296021e-01 -8.989465236663818359e-02
2.593700885772705078e-01 5.949221551418304443e-02 -9.639440774917602539e-01 1.752185821533203125e-02
0.000000000000000000e+00 0.000000000000000000e+00 0.000000000000000000e+00 1.000000000000000000e+00
-8.515058755874633789e-01 -3.072972893714904785e-01 -4.248604476451873779e-01 1.784601211547851562e-01
5.205210447311401367e-01 -3.977105617523193359e-01 -7.555689215660095215e-01 2.032917737960815430e-02
6.321281194686889648e-02 -8.645200133323669434e-01 4.986073374748229980e-01 3.833848237991333008e-02
0.000000000000000000e+00 0.000000000000000000e+00 0.000000000000000000e+00 1.000000000000000000e+00
-6.582597494125366211e-01 6.729544997215270996e-01 3.373821675777435303e-01 1.838881075382232666e-01
-3.577502369880676270e-01 -6.739810705184936523e-01 6.463471651077270508e-01 6.719750165939331055e-02
6.623513698577880859e-01 3.047657012939453125e-01 6.844038963317871094e-01 8.003622293472290039e-02
0.000000000000000000e+00 0.000000000000000000e+00 0.000000000000000000e+00 1.000000000000000000e+00
-2.968335151672363281e-02 -6.489776968955993652e-01 7.602282166481018066e-01 2.486297041177749634e-01
-9.543109536170959473e-01 2.446435093879699707e-01 1.715815067291259766e-01 1.059818565845489502e-01
-2.973374724388122559e-01 -7.204009890556335449e-01 -6.265883445739746094e-01 9.122884273529052734e-02
0.000000000000000000e+00 0.000000000000000000e+00 0.000000000000000000e+00 1.000000000000000000e+00
