1.000000000000000000e+01 9.000000000000000000e+00 1.100000000000000000e+01 2.000000000000000000e+01
2.900000000000000000e+01 3.000000000000000000e+01 4.100000000000000000e+01 4.800000000000000000e+01
5.200000000000000000e+01 5.800000000000000000e+01 6.200000000000000000e+01 0.000000000000000000e+00
0.000000000000000000e+00 0.000000000000000000e+00 0.000000000000000000e+00 0.000000000000000000e+00
2.815858721733093262e-01 9.569274187088012695e-01 7.070618867874145508e-02 -1.895381510257720947e-01
-9.372588396072387695e-01 2.900867462158203125e-01 -1.933795511722564697e-01 -1.612112820148468018e-01
-2.055611312389373779e-01 -1.181701570749282837e-02 9.785729050636291504e-01 2.112960815429687500e-02
0.000000000000000000e+00 0.000000000000000000e+00 0.000000000000000000e+00 1.000000000000000000e+00
-8.482465744018554688e-01 -1.375094056129455566e-02 -5.294228792190551758e-01 -1.437073498964309692e-01
4.198300242424011230e-01 5.919101834297180176e-01 -6.880298852920532227e-01 -5.905240774154663086e-03
3.228318393230438232e-01 -8.058866262435913086e-01 -4.963127374649047852e-01 3.135782480239868164e-02
0.000000000000000000e+00 0.000000000000000000e+00 0.000000000000000000e+00 1.000000000000000000e+00
3.022212386131286621e-01 -8.517050743103027344e-01 -4.280897378921508789e-01 -1.219462007284164429e-01
-1.920782327651977539e-01 3.854671716690063477e-01 -9.025081396102905273e-01 1.071681827306747437e-01
9.336853027343750000e-01 3.549838960170745850e-01 -4.709768295288085938e-02 2.951693534851074219e-02
0.000000000000000000e+00 0.000000000000000000e+00 0.000000000000000000e+00 1.000000000000000000e+00
-4.627889394760131836e-01 -3.282801508903503418e-01 -8.234432935714721680e-01 3.793627768754959106e-02
1.909035444259643555e-01 -9.440150260925292969e-01 2.690572142601013184e-01 -6.407845020294189453e-02
-8.656688928604125977e-01 -3.268159180879592896e-02 4.995492696762084961e-01 2.384597063064575195e-02
0.000000000000000000e+00 0.000000000000000000e+00 0.000000000000000000e+00 1.000000000000000000e+00
-8.671704530715942383e-01 4.871540367603302002e-01 1.034241020679473877e-01 2.729649841785430908e-02
4.978618919849395752e-01 8.429170846939086914e-01 2.040205448865890503e-01 -1.163128018379211426e-02
1.221148669719696045e-02 2.284114807844161987e-01 -9.734882116317749023e-01 1.801306009292602539e-02
0.000000000000000000e+00 0.000000000000000000e+00 0.000000000000000000e+00 1.000000000000000000e+00
-9.912123680114746094e-01 -1.798047125339508057e-02 -1.310528516769409180e-01 -1.840949431061744690e-02
8.532705903053283691e-02 6.701430082321166992e-01 -7.373111248016357422e-01 1.134580224752426147e-01
1.010813564062118530e-01 -7.420141696929931641e-01 -6.627198457717895508e-01 3.893816471099853516e-02
0.000000000000000000e+00 0.000000000000000000e+00 0.000000000000000000e+00 1.000000000000000000e+00
6.448644995689392090e-01 7.325349450111389160e-01 2.180420309305191040e-01 1.446544528007507324e-01
7.190572619438171387e-01 -6.781754493713378906e-01 1.517720371484756470e-01 -9.434020519256591797e-02
2.590490579605102539e-01 5.891230329871177673e-02 -9.640657901763916016e-01 1.753008365631103516e-02
0.000000000000000000e+00 0.000000000000000000e+00 0.000000000000000000e+00 1.000000000000000000e+00
9.696425795555114746e-01 3.193764761090278625e-02 2.424319088459014893e-01 1.848718672990798950e-01
1.543925702571868896e-01 -8.487825393676757812e-01 -5.056986212730407715e-01 -4.221349954605102539e-03
1.896211504936218262e-01 5.277766585350036621e-01 -8.279466629028320312e-01 3.578549623489379883e-02
0.000000000000000000e+00 0.000000000000000000e+00 0.000000000000000000e+00 1.000000000000000000e+00
-1.465475559234619141e-02 9.998018145561218262e-01 -1.348412036895751953e-02 1.593814641237258911e-01
-7.240013480186462402e-01 -1.991152763366699219e-02 -6.895112991333007812e-01 5.343453586101531982e-02
-6.896430850028991699e-01 -3.420412540435791016e-04 7.241494059562683105e-01 4.617071151733398438e-02
0.000000000000000000e+00 0.000000000000000000e+00 0.000000000000000000e+00 1.000000000000000000e+00
1.006451845169067383e-01 -9.038298130035400391e-01 4.158873558044433594e-01 -4.569309949874877930e-02
2.119714021682739258e-02 4.198628664016723633e-01 9.073400497436523438e-01 3.610599637031555176e-01
-9.946966171264648438e-01 -8.250382542610168457e-02 6.141579151153564453e-02 3.258627653121948242e-02
0.000000000000000000e+00 0.000000000000000000e+00 0.000000000000000000e+00 1.000000000000000000e+00
