1.000000000000000000e+01 9.000000000000000000e+00 1.100000000000000000e+01 2.000000000000000000e+01
2.900000000000000000e+01 3.000000000000000000e+01 4.100000000000000000e+01 4.800000000000000000e+01
5.200000000000000000e+01 5.800000000000000000e+01 6.200000000000000000e+01 0.000000000000000000e+00
0.000000000000000000e+00 0.000000000000000000e+00 0.000000000000000000e+00 0.000000000000000000e+00
4.757232069969177246e-01 8.012103289365768433e-02 8.759384155273437500e-01 -1.775995492935180664e-01
6.853044033050537109e-04 9.958087205886840820e-01 -9.145761281251907349e-02 -2.858018875122070312e-02
-8.795948028564453125e-01 4.410878568887710571e-02 4.736744165420532227e-01 4.089111089706420898e-02
0.000000000000000000e+00 0.000000000000000000e+00 0.000000000000000000e+00 1.000000000000000000e+00
2.497637271881103516e-01 -9.595155119895935059e-01 1.301845312118530273e-01 -2.101129889488220215e-01
4.573308825492858887e-01 2.353977560997009277e-01 8.575758337974548340e-01 -4.892852902412414551e-02
-8.535025119781494141e-01 -1.546539664268493652e-01 4.976099729537963867e-01 3.335851430892944336e-02
0.000000000000000000e+00 0.000000000000000000e+00 0.000000000000000000e+00 1.000000000000000000e+00
-7.903277873992919922e-01 -3.942379653453826904e-01 -4.689978063106536865e-01 -1.733958721160888672e-01
3.602247536182403564e-01 3.202016949653625488e-01 -8.761901855468750000e-01 1.129172593355178833e-01
4.956012666225433350e-01 -8.614218235015869141e-01 -1.110501289367675781e-01 2.202767133712768555e-02
0.000000000000000000e+00 0.000000000000000000e+00 0.000000000000000000e+00 1.000000000000000000e+00
-1.881314516067504883e-01 9.073392152786254883e-01 3.759549856185913086e-01 -2.033874858170747757e-03
-4.903709888458251953e-01 -4.184408187866210938e-01 7.644891738891601562e-01 -1.697277128696441650e-01
8.509658575057983398e-01 -4.053300619125366211e-02 5.236546397209167480e-01 2.407163381576538086e-02
0.000000000000000000e+00 0.000000000000000000e+00 0.000000000000000000e+00 1.000000000000000000e+00
4.671878814697265625e-01 8.359779119491577148e-01 -2.878828346729278564e-01 9.561251103878021240e-02
-8.659076690673828125e-01 4.984257817268371582e-01 4.213999211788177490e-02 3.528982400894165039e-03
1.787163466215133667e-01 2.295926064252853394e-01 9.567380547523498535e-01 2.404439449310302734e-02
0.000000000000000000e+00 0.000000000000000000e+00 0.000000000000000000e+00 1.000000000000000000e+00
-9.234266281127929688e-01 1.814777553081512451e-01 3.381563425064086914e-01 -4.813683778047561646e-02
-3.820831477642059326e-01 -3.520731925964355469e-01 -8.544339537620544434e-01 1.610901057720184326e-01
-3.600502014160156250e-02 -9.182105660438537598e-01 3.944529294967651367e-01 3.695851564407348633e-02
0.000000000000000000e+00 0.000000000000000000e+00 0.000000000000000000e+00 1.000000000000000000e+00
6.150284409523010254e-01 7.882865071296691895e-01 1.855883374810218811e-02 1.502663642168045044e-01
-7.864215970039367676e-01 6.149433851242065430e-01 -5.818707495927810669e-02 -5.439570546150207520e-02
-5.728071555495262146e-02 2.119163982570171356e-02 9.981331825256347656e-01 3.478688001632690430e-02
0.000000000000000000e+00 0.000000000000000000e+00 0.000000000000000000e+00 1.000000000000000000e+00
-9.727913141250610352e-01 -5.842419341206550598e-02 -2.241967022418975830e-01 2.201326489448547363e-01
1.044446229934692383e-01 -9.743622541427612305e-01 -1.992736011743545532e-01 6.635861098766326904e-02
-2.068063616752624512e-01 -2.172677069902420044e-01 9.539527893066406250e-01 2.576327323913574219e-02
0.000000000000000000e+00 0.000000000000000000e+00 0.000000000000000000e+00 1.000000000000000000e+00
8.568406105041503906e-03 -9.977411031723022461e-01 -6.662967801094055176e-02 1.685903817415237427e-01
5.423426628112792969e-04 6.663662195205688477e-02 -9.977773427963256836e-01 1.367721855640411377e-01
9.999632835388183594e-01 8.513361215591430664e-03 1.111984252929687500e-03 3.383958339691162109e-02
0.000000000000000000e+00 0.000000000000000000e+00 0.000000000000000000e+00 1.000000000000000000e+00
7.649410963058471680e-01 -2.978171035647392273e-02 6.434114575386047363e-01 -2.771978378295898438e-01
2.170231193304061890e-02 9.995549917221069336e-01 2.046508342027664185e-02 -2.603882551193237305e-02
-6.437346339225769043e-01 -1.691068522632122040e-03 7.652469873428344727e-01 4.086005687713623047e-02
0.000000000000000000e+00 0.000000000000000000e+00 0.000000000000000000e+00 1.000000000000000000e+00
